2968,652
2968,651
2968,650
2968,649
2968,291
2968,289
2968,648
2968,647
2968,531
2968,530
2968,646
2968,410
2968,645
2968,409
2968,406
2968,290
2968,288
2968,644
2968,643
2968,408
2968,405
2968,642
2968,641
2968,529
2968,640
2968,287
2968,639
2968,407
2968,638
2968,404
2968,637
2968,636
2968,286
2968,528
2968,635
2968,634
2968,633
2968,632
2968,631
2968,285
2968,630
2968,527
2968,629
2968,628
2968,403
2968,627
2968,284
2968,626
2968,625
2968,402
2968,624
2968,526
2968,623
2968,622
2968,283
2968,621
2968,401
2968,620
2968,619
2968,618
2968,525
2968,282
2968,617
2968,616
2968,615
2968,614
2968,613
2968,281
2968,612
2968,524
2968,611
2968,610
2968,400
2968,609
2968,280
2968,608
2968,399
2968,607
2968,606
2968,523
2968,605
2968,604
2968,279
2968,603
2968,398
2968,602
2968,601
2968,522
2968,600
2968,278
2968,599
2968,598
2968,597
2968,596
2968,595
2968,277
2968,521
2968,594
2968,593
2968,397
2968,592
2968,591
2968,276
2968,590
2968,396
2968,589
2968,520
2968,588
2968,587
2968,586
2968,395
2968,275
2968,585
2968,584
2968,583
2968,519
2968,582
2968,274
2968,581
2968,580
2968,579
2968,578
2968,577
2968,518
2968,273
2968,576
2968,511
2968,394
2968,510
2968,509
2968,272
2968,508
2968,393
2968,507
2968,517
2968,506
2968,505
2968,504
2968,392
2968,271
2968,503
2968,502
2968,501
2968,516
2968,500
2968,270
2968,499
2968,498
2968,497
2968,496
2968,515
2968,495
2968,269
2968,494
2968,391
2968,493
2968,492
2968,491
2968,390
2968,268
2968,490
2968,514
2968,489
2968,488
2968,487
2968,389
2968,486
2968,267
2968,485
2968,484
2968,513
2968,483
2968,482
2968,266
2968,481
2968,480
2968,479
2968,478
2968,512
2968,477
2968,265
2968,476
2968,388
2968,475
2968,474
2968,473
2968,387
2968,264
2968,472
2968,325
2968,471
2968,470
2968,469
2968,386
2968,468
2968,263
2968,467
2968,466
2968,324
2968,465
2968,464
2968,262
2968,463
2968,462
2968,461
2968,323
2968,460
2968,459
2968,261
2968,385
2968,458
2968,457
2968,456
2968,384
2968,455
2968,260
2968,322
2968,454
2968,453
2968,452
2968,375
2968,451
2968,450
2968,259
2968,449
2968,321
2968,448
2968,255
0,1000
0,999
0,998
0,997
0,996
2968,254
0,995
0,994
0,993
0,992
2968,258
0,991
0,990
0,989
0,988
2968,253
0,986
0,985
0,984
0,983
0,982
2968,252
0,981
0,980
0,979
0,978
0,977
0,976
0,975
0,974
0,973
0,972
2968,251
0,971
2968,320
0,970
0,969
0,968
0,967
0,966
0,965
2968,250
0,964
0,963
0,962
0,961
0,960
0,895
0,894
0,893
2968,249
0,892
2968,188
0,891
0,890
0,889
0,886
0,885
2968,257
0,884
2968,248
0,883
0,882
0,881
0,880
0,879
0,878
0,877
0,876
0,875
0,874
0,873
0,872
0,871
2968,247
0,870
0,869
0,868
0,867
0,866
2968,246
0,865
2968,186
0,864
0,863
0,862
0,861
2968,245
0,860
0,859
0,858
2968,190
0,857
0,856
0,855
2968,256
0,854
0,853
0,852
2968,244
0,851
0,850
0,848
0,847
0,846
0,845
0,844
2968,243
0,843
0,842
0,841
0,840
0,839
0,838
0,837
2968,242
0,836
2968,191
2968,182
0,835
0,834
0,959
0,958
0,957
0,956
2968,241
0,955
0,954
0,953
0,952
0,951
0,950
0,948
2968,240
0,947
2968,187
0,946
0,945
2968,239
0,944
0,943
2968,189
0,942
0,941
2968,238
0,939
0,938
0,937
0,936
0,935
0,934
0,933
0,932
2968,237
2968,236
2968,184
2968,235
2968,234
2968,185
2968,233
2968,232
2968,178
2968,231
2968,180
2968,230
2967,393
2967,392
2967,391
2967,390
2967,389
2967,388
2967,387
2967,386
2968,229
2967,385
2967,384
2967,383
2969,52
2967,382
2967,381
2967,380
2967,50
2967,379
2967,378
2967,377
2967,376
2967,375
2967,374
2969,46
2967,49
2967,373
2967,46
2969,51
2967,372
2967,371
2967,370
2967,369
2967,368
2967,367
2967,366
2967,365
2967,364
2967,363
2967,362
2967,361
2967,360
2967,359
2967,358
2967,357
2967,356
2967,355
2967,354
2967,353
2967,352
2967,351
2967,350
2967,349
2967,348
2969,50
2967,347
2967,346
2967,345
2967,344
2967,48
2967,47
2967,11
2967,343
2967,342
2967,341
2967,340
2967,339
2967,338
2967,337
2967,336
2967,335
2967,334
2967,333
2967,332
2967,331
2967,330
2967,329
2967,328
2967,327
2967,326
2967,325
2967,324
2967,323
2921,9
2967,322
2967,321
2967,320
2967,319
2967,318
2967,317
2967,316
2967,315
2967,314
2967,313
2967,312
2967,311
2967,310
2967,309
2967,308
2968,176
2967,307
2969,49
2967,306
2967,305
2967,304
2967,303
2967,302
2967,301
2967,300
2967,299
2967,298
2967,297
2967,296
2967,295
2967,294
2967,293
2967,292
2967,291
2967,290
2668,31
2967,289
2967,288
2967,287
2967,286
2967,285
2967,284
2967,283
2967,282
2967,281
2967,280
2969,48
2968,228
2967,279
2967,278
2967,277
2967,276
2967,275
2967,274
2967,273
2967,272
2967,271
2967,270
2967,269
2967,268
2967,267
2967,266
2967,265
2967,264
2967,263
2967,262
2967,261
2967,260
2967,259
2967,258
2967,257
2967,256
2967,255
2967,254
2967,253
2967,252
2967,251
2967,250
2967,249
2967,248
2967,247
2967,45
2967,4
2967,246
2967,245
2967,244
2967,243
2967,242
2967,241
2967,240
2967,239
2967,238
2967,237
2967,236
2967,235
2967,234
2969,47
2967,233
2967,232
2967,231
2967,230
2967,229
2967,228
2967,227
2967,226
2967,225
2967,224
2967,223
2967,222
2967,221
2967,220
2967,219
2967,218
2967,217
2967,216
2967,215
2967,214
2967,213
2967,212
2967,211
2967,210
2967,209
2967,208
2967,207
2967,206
2967,205
2967,204
2967,203
2967,202
2967,201
2968,181
2967,200
2967,199
2967,198
2967,197
2967,196
2967,195
2967,194
2967,193
2967,192
2967,191
2967,190
2967,189
2967,188
2967,187
2968,227
2967,186
2967,185
2969,45
2969,30
2967,184
2967,183
2969,44
2967,182
2967,181
2967,180
2967,179
2967,178
2967,177
2967,176
2967,175
2967,174
2967,173
2967,172
2967,171
2967,170
2967,169
2967,168
2967,167
2967,166
2967,165
2967,164
2967,163
2967,162
2967,161
2967,160
2967,159
2967,158
2967,157
2967,156
2967,155
2967,154
2967,153
2967,152
2967,151
2969,43
2967,150
2967,149
2967,148
2921,8
2967,147
2967,146
2967,145
2967,144
2967,143
2967,142
2967,141
2967,140
2967,139
2967,138
2967,137
2968,179
2967,136
2967,135
2967,134
2967,133
2969,42
2967,132
2967,131
2967,130
2668,30
2967,129
2967,128
2967,127
2968,226
2967,126
2967,125
2967,124
2967,123
2967,122
0,833
0,832
2967,121
2967,120
2967,119
2967,118
2969,41
2967,117
2967,116
2967,115
2967,114
2967,113
2967,112
2967,111
2967,110
2921,7
2967,109
2967,108
2967,107
2967,106
2967,105
2967,104
2967,103
2969,40
2967,102
2967,101
2967,100
2967,99
2967,98
2967,97
2967,96
2967,95
2967,94
2967,93
2967,92
2967,91
2967,90
2668,29
2668,28
2668,19
2967,89
2967,88
2969,39
2967,87
2967,86
2668,27
2967,85
2967,84
2967,83
2967,82
2967,81
2967,80
2967,79
2967,78
2967,77
2967,76
2967,75
2967,74
2967,73
2969,38
2967,72
2967,71
2967,70
2967,69
2967,68
2967,67
2967,66
2967,65
2967,64
2967,44
2967,43
2668,26
2967,42
2967,41
2967,40
2967,39
2969,37
2968,225
2967,38
2967,37
2967,36
2967,35
2967,34
2967,33
2967,32
2969,36
2969,35
2967,31
2967,30
2967,29
2668,25
2967,28
2668,12
2967,27
2967,26
2967,25
2967,24
2668,24
2668,17
2967,23
2967,22
2967,21
2967,20
2967,19
2967,18
2967,17
2967,16
2967,15
2967,14
2967,13
2968,224
2968,223
2968,222
2968,183
2968,142
2968,177
2968,175
2968,221
2968,220
2968,219
2968,218
2968,173
2968,217
2968,171
2968,216
2968,174
2968,215
2968,169
2968,214
2968,213
2968,170
2968,212
2968,211
2968,210
2968,172
2968,209
2968,168
2968,208
2968,207
2968,206
2968,205
2968,167
2968,204
2968,164
2968,166
2968,203
2968,202
2968,162
2968,201
2968,200
2968,163
2968,199
2968,165
2968,198
2968,197
2968,196
2968,195
2968,160
2968,194
2968,193
2968,161
2968,192
2968,127
2968,157
2968,159
2968,126
2968,125
2968,154
2968,124
2968,123
2968,158
2968,122
2968,156
2968,121
2968,120
2968,119
2968,118
2968,152
2968,117
2968,153
2968,116
2968,115
2968,149
2968,114
2968,113
2,325
2,324
2,173
2,172
2,171
2,169
2,168
2,167
2,166
2,165
2,164
2,163
2,162
2,161
2,160
2,159
2,158
2,157
2,156
2,155
2,154
2,153
2,151
2,150
2,149
2,148
2,147
2,146
2,145
2,144
2,143
2,142
2,141
2,140
2,139
2,138
2,137
2,136
2,135
2,134
2,133
2,132
2,131
2,130
2,129
2,128
2,3
2,2
2,1
2,0
1,13
1,12
1,3
1,2
1,1
1,0
0,1142
0,1091
0,987
0,918
0,888
0,824
0,794
0,764
0,746
0,688
0,687
0,686
0,685
0,684
0,683
0,682
0,681
0,680
0,660
0,659
0,658
0,657
0,656
0,655
0,654
0,653
0,652
0,651
0,629
0,511
0,491
0,301
0,243
0,9
0,0
0,1
0,773
0,767
0,738
0,505
0,463
0,887
0,849
0,603
0,1136
0,1097
0,949
0,909
0,803
0,570
0,454
0,457
0,455
0,300
0,299
0,298
0,297
0,296
0,295
0,294
0,293
0,292
0,291
0,290
0,289
0,288
0,287
0,286
0,285
0,284
0,283
0,282
0,281
0,280
0,279
0,278
0,277
0,276
0,275
0,274
0,273
0,272
0,271
0,270
0,269
2,326
2,328
2,331
2,332
2,335
2,336
2,338
2,340
2,366
2,373
2,374
2,376
2,378
2,380
2598,3
2227,3
2968,3
2968,112
2532,6
2534,3
2534,4
2534,6
2535,9
2537,3
2537,8
2537,13
2538,5
2539,4
2541,3
2542,3
2542,7
2543,5
2543,6
2544,4
2545,3
2545,5
2546,4
2547,3
2547,9
2547,14
2548,5
2549,3
2549,9
2550,5
2550,9
2550,15
2550,16
2551,5
2552,5
2553,3
2553,7
2554,4
2555,3
2555,5
2556,3
2556,6
2556,9
2557,4
2557,5
2558,4
2559,4
2559,5
2560,4
2560,6
2560,11
2560,18
2561,3
2561,7
2562,5
2563,4
2563,9
2564,3
2564,7
2564,10
2564,18
2564,20
2566,3
2566,5
2568,5
2570,5
2571,3
2571,13
2571,16
2573,3
2574,4
2575,6
2576,10
2577,3
2577,7
2577,14
2578,3
2579,5
2579,7
2579,14
2580,5
2581,3
2581,6
2581,9
2581,14
2581,17
2581,19
2581,23
2582,4
2582,6
2583,3
2584,5
2584,9
2584,13
2585,3
2585,4
2585,7
2586,3
2586,8
2586,13
2586,16
2588,3
2588,4
2588,9
2589,6
2589,7
2590,3
2591,3
2592,3
2592,4
2592,9
2594,4
2594,5
2596,3
2596,4
2598,4
2598,7
2599,3
2599,6
2600,3
2600,5
2601,3
2602,3
2602,5
2603,5
2604,5
2604,6
2604,11
2604,15
2604,19
2605,4
2605,5
2606,5
2606,10
2607,3
2608,5
2608,8
2609,3
2609,4
2609,8
2610,4
2611,4
2611,6
2612,4
2613,5
2613,10
2614,3
2615,4
2615,5
2616,3
2616,4
2617,3
2617,5
2618,5
2618,10
2619,3
2620,3
2620,7
2620,8
2621,4
2621,5
2622,6
2622,7
2622,11
2624,3
2624,4
2625,5
2625,8
2625,13
2627,3
2627,4
2628,6
2628,9
2629,4
2630,4
2630,6
2630,9
2631,3
2631,8
2631,9
2632,4
2633,3
2633,5
2635,3
2635,6
2635,8
2636,4
2637,3
2637,7
2637,8
2638,4
2638,5
2639,6
2639,11
2640,3
2640,7
2640,10
2642,3
2643,5
2643,6
2643,9
2644,4
2645,6
2645,8
2645,13
2647,3
2647,6
2648,3
2648,5
2650,4
2650,9
2651,3
2651,6
2651,7
2653,3
2653,4
2653,9
2653,11
2653,12
2654,4
2654,6
2654,11
2655,6
2655,8
2656,4
2656,6
2656,9
2657,3
2657,4
2657,6
2658,5
2659,3
2659,4
2659,6
2659,12
2659,13
2660,4
2660,7
2661,6
2663,3
2663,5
2664,3
2664,4
2664,9
2664,10
2664,15
2666,3
2666,4
2666,6
2667,4
2668,1
2668,4
2668,5
2668,7
2668,10
2668,13
2668,21
2669,3
2669,6
2670,3
2670,5
2670,7
2671,4
2672,3
2672,7
2672,9
2673,3
2673,6
2673,7
2673,12
2673,14
2673,17
2674,3
2674,5
2675,3
2675,5
2676,7
2677,5
2677,7
2678,4
2678,5
2679,4
2679,6
2680,3
2680,8
2680,10
2681,6
2681,7
2682,6
2683,3
2683,4
2685,5
2685,6
2686,5
2687,5
2687,10
2688,4
2689,3
2689,7
2689,8
2690,4
2691,4
2691,6
2691,11
2692,3
2693,5
2694,7
2694,10
2695,3
2695,6
2695,8
2696,3
2696,7
2697,6
2698,3
2698,6
2698,8
2699,3
2700,5
2700,6
2700,11
2700,12
2701,3
2701,5
2701,8
2701,11
2701,13
2702,5
2702,7
2702,10
2702,13
2703,3
2703,7
2703,8
2703,11
2703,13
2704,3
2704,6
2704,8
2704,11
2704,13
2705,3
2705,6
2705,8
2705,11
2705,12
2706,3
2706,4
2706,7
2706,10
2706,12
2707,4
2707,6
2707,9
2707,12
2707,14
2708,4
2708,5
2708,9
2708,12
2708,13
2710,3
2710,4
2710,7
2710,9
2953,10
2710,12
2710,15
2710,17
2711,5
2711,7
2711,10
2711,13
2712,3
2712,5
2712,7
2712,10
2712,11
2712,15
2713,4
2713,5
2713,9
2713,10
2713,13
2714,4
2714,6
2714,9
2714,11
2714,14
2715,3
2716,3
2716,6
2716,7
2717,6
2717,7
2717,10
2717,14
2717,15
2718,3
2718,5
2719,5
2720,5
2721,4
2722,3
2722,5
2723,3
2723,4
2723,8
2723,11
2724,3
2725,3
2725,5
2725,8
2725,11
2725,13
2725,16
2725,18
2725,21
2725,22
2726,5
2726,8
2726,9
2726,13
2727,3
2727,6
2727,10
2728,3
2728,6
2728,8
2728,11
2729,3
2730,3
2730,6
2730,8
2731,3
2731,4
2731,7
2732,3
2733,3
2735,3
2736,3
2740,3
2741,3
2744,3
2747,3
2749,3
2752,3
2754,3
2755,5
2755,8
2756,4
2756,7
2757,3
2758,4
2758,7
2759,3
2759,7
2760,3
2761,3
2761,5
2761,8
2764,3
2766,3
2769,3
2771,3
2774,3
2777,3
2779,3
2782,3
2783,3
2785,4
2785,6
2785,9
2786,4
2786,5
2786,9
2786,10
2786,13
2787,3
2787,5
2788,4
2788,6
2789,3
2789,5
2790,5
2790,8
2790,10
2791,5
2791,6
2792,3
2792,5
2792,6
2793,3
2793,5
2793,8
2794,5
2794,7
2795,3
2795,4
2796,3
2796,5
2797,3
2797,5
2797,6
2797,9
2797,11
2797,14
2797,16
2797,17
2797,20
2797,22
2797,25
2798,4
2799,3
2799,6
2799,7
2800,6
2800,7
2801,4
2801,7
2801,9
2801,12
2801,13
2801,17
2801,18
2801,21
2801,24
2801,26
2802,5
2803,3
2804,4
2804,7
2804,9
2804,12
2805,3
2806,3
2806,4
2806,7
2807,6
2808,3
2808,6
2809,4
2809,7
2810,3
2810,5
2810,8
2810,10
2811,5
2812,4
2812,6
2813,5
2813,6
2814,4
2814,6
2814,9
2814,12
2815,5
2817,3
2817,5
2817,8
2817,11
2817,13
2819,3
2819,5
2821,3
2821,5
2821,7
2822,3
2822,4
2822,6
2823,3
2824,3
2825,3
2825,4
2825,6
2825,7
2827,3
2827,5
2828,4
2830,3
2830,6
2831,5
2832,3
2832,10
2833,5
2834,5
2835,5
2836,5
2837,5
2838,5
2839,5
2840,5
2841,3
2842,5
2843,3
2844,5
2845,6
2845,11
2846,4
2847,3
2848,5
2849,7
2850,3
2850,5
2850,6
2851,5
2852,3
2852,9
2853,5
2854,3
2855,3
2855,5
2856,5
2856,10
2856,17
2857,5
2858,3
2859,8
2860,3
2861,3
2861,7
2862,3
2863,5
2864,3
2865,5
2866,5
2866,10
2866,18
2867,3
2868,5
2869,5
2870,3
2870,7
2871,3
2872,3
2873,3
2874,3
2876,3
2877,4
2878,6
2879,1
2879,4
2879,6
2879,7
2879,9
2879,10
2879,12
2880,3
2881,7
2882,7
2883,3
2883,5
2883,6
2883,8
2884,9
2885,3
2885,8
2885,25
2887,3
2887,4
2888,7
2889,5
2890,3
2892,3
2892,5
2894,3
2896,3
2896,6
2897,6
2897,14
2899,3
2899,6
2899,9
2900,5
2901,6
2902,10
2903,4
2904,5
2905,6
2905,11
2907,3
2907,6
2908,7
2910,3
2910,4
2911,3
2911,4
2912,4
2913,3
2914,3
2914,6
2914,7
2915,9
2916,3
2917,3
2918,3
2919,3
2920,3
2920,6
2921,2
2921,3
2922,3
2922,10
2923,4
2924,6
2925,3
2926,9
2927,5
2928,3
2928,22
2929,3
2930,3
2930,6
2930,13
2930,18
2931,3
2932,5
2933,3
2934,3
2935,3
2935,7
2936,6
2936,8
2937,5
2938,5
2939,3
2940,5
2941,3
2942,3
2918,4
2942,6
2942,9
2945,3
2945,5
2946,5
2947,3
2948,3
2949,3
2949,4
2951,3
2952,3
2953,3
2953,4
2954,5
2956,3
2956,8
2957,5
2958,3
2958,6
2959,3
2959,4
2959,6
2959,7
2959,9
2959,10
2921,1
2921,0
2959,12
2959,14
2959,15
2959,17
2959,18
2959,20
2792,1
2792,0
2959,22
2959,23
2668,20
2668,15
2668,14
2668,9
2668,8
2960,3
2960,5
2962,3
2668,22
2668,2
2668,0
2726,10
2598,8
2598,5
2598,2
2923,3
2652,3
2932,3
2940,3
2948,13
2945,4
2889,3
2665,3
2758,3
2756,3
2724,4
2944,3
2569,5
2,334
2569,3
2872,5
2946,4
2953,7
2948,10
2654,5
2726,4
2728,12
2728,4
2679,5
2880,5
2921,4
2920,8
2553,5
2905,5
2930,12
2856,9
2866,7
2852,10
2852,5
2801,6
2797,10
2797,7
2581,11
2581,8
2937,4
2593,11
2593,10
2593,8
2790,4
2947,4
2951,4
2950,3
2,170
2535,7
2535,3
2651,4
2917,4
2962,5
2963,5
2965,3
2965,6
2967,0
2967,1
2967,3
2967,5
2967,6
2967,8
2967,9
2968,0
2968,1
2968,4
2968,5
2968,7
2968,8
2968,10
2968,12
2968,13
2968,15
2968,16
2968,18
2968,20
2968,21
2968,23
2968,24
2968,26
2968,27
2968,29
2968,31
2968,32
2968,34
2968,35
2968,37
2968,39
2968,40
2968,42
2968,43
2968,45
2968,46
2968,48
2968,50
2968,51
2968,53
2968,54
2968,56
2968,58
2968,59
2968,61
2968,62
2968,64
2968,66
2968,67
2968,69
2968,70
2968,72
2968,73
2968,75
2968,77
2968,78
2968,80
2968,81
2968,83
2968,85
2968,86
2968,88
2968,89
2968,91
2968,92
2968,94
2968,96
2968,97
2968,99
2968,100
2968,102
2968,104
2968,105
2968,107
2968,108
2968,110
2968,111
2968,129
2968,131
2968,132
2968,134
2968,135
2968,137
2968,139
2968,140
2968,143
2968,145
2968,146
2968,148
2968,150
2968,151
2969,1
2969,2
2969,4
2969,5
2969,7
2969,9
2969,10
2969,12
2969,13
2969,15
2969,16
2969,18
2969,20
2969,21
2969,23
2969,24
2969,26
2969,28
2969,29
2969,31
2969,32
2969,34
2969,33
2969,27
2969,25
2969,22
2969,19
2969,17
2969,14
2969,11
2969,8
2969,6
2969,3
2969,0
2968,155
2968,147
2968,144
2968,141
2968,138
2968,136
2968,133
2968,130
2968,128
2968,109
2968,106
2968,103
2968,101
2968,98
2968,95
2968,93
2968,90
2968,87
2968,84
2968,82
2968,79
2968,76
2968,74
2968,71
2968,68
2968,65
2968,63
2968,60
